fecha	cols	rows	boosting	objective	metric	first_metric_only	boost_from_average	feature_pre_filter	force_row_wise	verbosity	max_depth	min_gain_to_split	min_sum_hessian_in_leaf	lambda_l1	lambda_l2	max_bin	num_iterations	bagging_fraction	pos_bagging_fraction	neg_bagging_fraction	drop_rate	max_drop	skip_drop	extra_trees	seed	learning_rate	feature_fraction	coverage	leaf_size_log	prob_corte	estimulos	ganancia	iteracion_bayesiana
20221121 212425	3321	1171950	gbdt	binary	custom	TRUE	TRUE	FALSE	TRUE	-100	-1	0	0.001	0	0	31	79	1	1	1	0.1	50	0.5	FALSE	987353	0.170691385313912	0.680415952460316	0.321093584939081	10.1542819010501	0.00922670871486433	17241	44638000	1
20221121 215323	3321	1171950	gbdt	binary	custom	TRUE	TRUE	FALSE	TRUE	-100	-1	0	0.001	0	0	31	491	1	1	1	0.1	50	0.5	FALSE	987353	0.0615632250373164	0.396765614683682	0.513918345652201	4.91248734526744	0.0218132051609626	17519	46162000	2
20221122 022251	3321	1171950	gbdt	binary	custom	TRUE	TRUE	FALSE	TRUE	-100	-1	0	0.001	0	0	31	548	1	1	1	0.1	50	0.5	FALSE	987353	0.0806619887133274	0.776743975804129	0.697457183394727	9.6372336227505	0.000151820293479841	18022	44356000	3
20221122 024253	3321	1171950	gbdt	binary	custom	TRUE	TRUE	FALSE	TRUE	-100	-1	0	0.001	0	0	31	193	1	1	1	0.1	50	0.5	FALSE	987353	0.240794545514727	0.710386834545352	0.116975087744504	7.3523343475681	0.0218670641730985	16035	45610000	4
20221122 030009	3321	1171950	gbdt	binary	custom	TRUE	TRUE	FALSE	TRUE	-100	-1	0	0.001	0	0	31	264	1	1	1	0.1	50	0.5	FALSE	987353	0.212821604095443	0.54290867086238	0.580263293736789	2.79230961877329	0.0214397845074512	18373	43254000	5
20221122 035622	3321	1171950	gbdt	binary	custom	TRUE	TRUE	FALSE	TRUE	-100	-1	0	0.001	0	0	31	1204	1	1	1	0.1	50	0.5	FALSE	987353	0.0299413130543689	0.358742988396261	0.25784852914876	8.82172655628528	0.0109032990446648	19065	43550000	6
20221122 043714	3321	1171950	gbdt	binary	custom	TRUE	TRUE	FALSE	TRUE	-100	-1	0	0.001	0	0	31	115	1	1	1	0.1	50	0.5	FALSE	987353	0.184916967149402	0.594251851412992	0.936644604449975	6.04361048626015	0.0215783536695882	17413	45334000	7
20221122 045136	3321	1171950	gbdt	binary	custom	TRUE	TRUE	FALSE	TRUE	-100	-1	0	0.001	0	0	31	209	1	1	1	0.1	50	0.5	FALSE	987353	0.144976405172347	0.276804876580718	0.773111082973628	4.41702464225818	0.0213802869886153	17983	44354000	8
20221122 053145	3321	1171950	gbdt	binary	custom	TRUE	TRUE	FALSE	TRUE	-100	-1	0	0.001	0	0	31	145	1	1	1	0.1	50	0.5	FALSE	987353	0.131674933507747	0.812906470053713	0.410825411222322	6.67504834184365	0.01883268551462	18652	43496000	9
20221122 055037	3321	1171950	gbdt	binary	custom	TRUE	TRUE	FALSE	TRUE	-100	-1	0	0.001	0	0	31	83	1	1	1	0.1	50	0.5	FALSE	987353	0.114706078846502	0.298454173348728	0.604520679309644	11.1351239322248	0.00548934359422014	17972	44056000	10
20221122 061538	3321	1171950	gbdt	binary	custom	TRUE	TRUE	FALSE	TRUE	-100	-1	0	0.001	0	0	31	487	1	1	1	0.1	50	0.5	FALSE	987353	0.26520063056756	0.432088241478777	0.205339565201575	3.63542031879479	0.020517160366507	19087	42466000	11
20221122 074857	3321	1171950	gbdt	binary	custom	TRUE	TRUE	FALSE	TRUE	-100	-1	0	0.001	0	0	31	1408	1	1	1	0.1	50	0.5	FALSE	987353	0.0175897490649368	0.554277562919015	0.948391800480022	5.2688715679833	0.0192568200120159	19112	44576000	12
20221122 083329	3321	1171950	gbdt	binary	custom	TRUE	TRUE	FALSE	TRUE	-100	-1	0	0.001	0	0	31	883	1	1	1	0.1	50	0.5	FALSE	987353	0.245154928097181	0.730866728506226	0.705974826073361	1.20646366129222	0.0191428550151662	17821	38038000	13
20221122 101324	3321	1171950	gbdt	binary	custom	TRUE	TRUE	FALSE	TRUE	-100	-1	0	0.001	0	0	31	2445	1	1	1	0.1	50	0.5	FALSE	987353	0.0546749063728203	0.504970577206404	0.374826973368181	1.97159006145375	0.0217061189280207	16735	41490000	14
20221122 102812	3321	1171950	gbdt	binary	custom	TRUE	TRUE	FALSE	TRUE	-100	-1	0	0.001	0	0	31	208	1	1	1	0.1	50	0.5	FALSE	987353	0.299448678200715	0.211929259524914	0.8378266001062	8.17249374867242	0.00151077765347938	18849	41022000	15
20221122 112147	3321	1171950	gbdt	binary	custom	TRUE	TRUE	FALSE	TRUE	-100	-1	0	0.001	0	0	31	205	1	1	1	0.1	50	0.5	FALSE	987353	0.195266731262527	0.890296069500619	0.0991158771357732	11.8323250509566	0.000744681981348784	18032	40816000	16
20221122 115444	3321	1171950	gbdt	binary	custom	TRUE	TRUE	FALSE	TRUE	-100	-1	0	0.001	0	0	31	631	1	1	1	0.1	50	0.5	FALSE	987353	0.113429662354679	0.391316818888338	0.406918114526386	5.6582767841077	0.0186208922497707	18522	44636000	17
20221122 120809	3321	1171950	gbdt	binary	custom	TRUE	TRUE	FALSE	TRUE	-100	-1	0	0.001	0	0	31	97	1	1	1	0.1	50	0.5	FALSE	987353	0.276706822207408	0.421627993999298	0.717097911770931	4.94590931944596	0.0221826881743121	17147	45786000	18
20221122 125956	3321	1171950	gbdt	binary	custom	TRUE	TRUE	FALSE	TRUE	-100	-1	0	0.001	0	0	31	1258	1	1	1	0.1	50	0.5	FALSE	987353	0.145631318316447	0.443684023158367	0.0791676106698517	4.89883550727577	0.0205972952907151	18997	42806000	19
20221122 133343	3321	1171950	gbdt	binary	custom	TRUE	TRUE	FALSE	TRUE	-100	-1	0	0.001	0	0	31	38	1	1	1	0.1	50	0.5	FALSE	987353	0.204746157117785	0.612043906080433	0.569664729676319	7.49520232971423	0.0173223089279229	18750	44260000	20
20221122 135626	3321	1171950	gbdt	binary	custom	TRUE	TRUE	FALSE	TRUE	-100	-1	0	0.001	0	0	31	316	1	1	1	0.1	50	0.5	FALSE	987353	0.0717633084766042	0.434785647131472	0.623082888247324	4.84209997179112	0.0236117071137529	16767	46146000	21
20221122 141109	3321	1171950	gbdt	binary	custom	TRUE	TRUE	FALSE	TRUE	-100	-1	0	0.001	0	0	31	93	1	1	1	0.1	50	0.5	FALSE	987353	0.21334065387075	0.52666066961841	0.561245173695985	4.97461989445645	0.0190651916780462	19371	43978000	22
20221122 145104	3321	1171950	gbdt	binary	custom	TRUE	TRUE	FALSE	TRUE	-100	-1	0	0.001	0	0	31	717	1	1	1	0.1	50	0.5	FALSE	987353	0.0333580135803642	0.394894039458541	0.716821018922174	4.70947326726389	0.0232302412000799	17103	45874000	23
20221122 152031	3321	1171950	gbdt	binary	custom	TRUE	TRUE	FALSE	TRUE	-100	-1	0	0.001	0	0	31	482	1	1	1	0.1	50	0.5	FALSE	987353	0.0684166751846289	0.403641670254819	0.618913819541688	5.05350767615746	0.0259494465131199	15682	46476000	24
20221122 155228	3321	1171950	gbdt	binary	custom	TRUE	TRUE	FALSE	TRUE	-100	-1	0	0.001	0	0	31	154	1	1	1	0.1	50	0.5	FALSE	987353	0.158242200148493	0.705450909810958	0.117967631151797	8.51545095045211	0.022478718845048	15455	46770000	25
20221122 205728	3321	1171950	gbdt	binary	custom	TRUE	TRUE	FALSE	TRUE	-100	-1	0	0.001	0	0	31	6833	1	1	1	0.1	50	0.5	FALSE	987353	0.00528503185033898	0.69475214021303	0.0597904623751061	8.3918388063837	0.0203858735487987	17525	45510000	26
20221122 210358	3321	1171950	gbdt	binary	custom	TRUE	TRUE	FALSE	TRUE	-100	-1	0	0.001	0	0	31	34	1	1	1	0.1	50	0.5	FALSE	987353	0.288910757215476	0.718008087607932	0.174721708691509	8.62958960646175	0.0173224976990284	18236	42808000	27
20221122 211702	3321	1171950	gbdt	binary	custom	TRUE	TRUE	FALSE	TRUE	-100	-1	0	0.001	0	0	31	593	1	1	1	0.1	50	0.5	FALSE	987353	0.144430957432231	0.696440032279167	0.0555168933479799	7.4383713597943	0.0211513450221064	17003	45354000	28
20221122 213310	3321	1171950	gbdt	binary	custom	TRUE	TRUE	FALSE	TRUE	-100	-1	0	0.001	0	0	31	732	1	1	1	0.1	50	0.5	FALSE	987353	0.118319990916637	0.741632754985776	0.0502804715149227	8.48512867499707	0.0177485233035007	18693	42934000	29
20221123 000237	3321	1171950	gbdt	binary	custom	TRUE	TRUE	FALSE	TRUE	-100	-1	0	0.001	0	0	31	3061	1	1	1	0.1	50	0.5	FALSE	987353	0.00508942329852939	0.417321670346959	0.622174718222811	7.15345725489974	0.0186362357988357	18718	44964000	30
20221123 001853	3321	1171950	gbdt	binary	custom	TRUE	TRUE	FALSE	TRUE	-100	-1	0	0.001	0	0	31	254	1	1	1	0.1	50	0.5	FALSE	987353	0.13240727537921	0.434326977639453	0.864909864720693	3.04082066864291	0.0188022218982816	20088	42384000	31
20221123 003935	3321	1171950	gbdt	binary	custom	TRUE	TRUE	FALSE	TRUE	-100	-1	0	0.001	0	0	31	788	1	1	1	0.1	50	0.5	FALSE	987353	0.118164872192897	0.684460493591655	0.11347833259878	8.81807630992935	0.0122080747534947	16262	43396000	32
20221123 005019	3321	1171950	gbdt	binary	custom	TRUE	TRUE	FALSE	TRUE	-100	-1	0	0.001	0	0	31	316	1	1	1	0.1	50	0.5	FALSE	987353	0.107371548022754	0.705172670564063	0.0555288059448393	9.24382528050923	0.0156585106062827	19391	43778000	33
20221123 010034	3321	1171950	gbdt	binary	custom	TRUE	TRUE	FALSE	TRUE	-100	-1	0	0.001	0	0	31	313	1	1	1	0.1	50	0.5	FALSE	987353	0.182256538440422	0.707868262469271	0.0983914485792538	8.06311825057644	0.016943100587473	18383	43474000	34
20221123 011832	3321	1171950	gbdt	binary	custom	TRUE	TRUE	FALSE	TRUE	-100	-1	0	0.001	0	0	31	196	1	1	1	0.1	50	0.5	FALSE	987353	0.0553269780267279	0.399529335814453	0.655932884857247	7.49503943492922	0.0172413575264754	19616	44208000	35
20221123 013454	3321	1171950	gbdt	binary	custom	TRUE	TRUE	FALSE	TRUE	-100	-1	0	0.001	0	0	31	1181	1	1	1	0.1	50	0.5	FALSE	987353	0.280232322193659	0.868322052349592	0.855349276281742	1.44033353963005	0.0182543694636315	19601	37998000	36
20221123 015503	3321	1171950	gbdt	binary	custom	TRUE	TRUE	FALSE	TRUE	-100	-1	0	0.001	0	0	31	211	1	1	1	0.1	50	0.5	FALSE	987353	0.154869991479013	0.491861988187015	0.762425212296948	8.75479959804227	0.00273093832615566	18776	41968000	37
20221123 022039	3321	1171950	gbdt	binary	custom	TRUE	TRUE	FALSE	TRUE	-100	-1	0	0.001	0	0	31	562	1	1	1	0.1	50	0.5	FALSE	987353	0.0730269181167494	0.369953365181551	0.524578035473315	4.32472375283018	0.0203033176305586	18699	44202000	38
20221123 023448	3321	1171950	gbdt	binary	custom	TRUE	TRUE	FALSE	TRUE	-100	-1	0	0.001	0	0	31	158	1	1	1	0.1	50	0.5	FALSE	987353	0.273885090666368	0.319390283952374	0.512682465169195	9.53075174185983	0.000792548467828805	16882	40156000	39
20221123 024230	3321	1171950	gbdt	binary	custom	TRUE	TRUE	FALSE	TRUE	-100	-1	0	0.001	0	0	31	117	1	1	1	0.1	50	0.5	FALSE	987353	0.20322518094913	0.639197901545418	0.864982291966386	3.55056617308105	0.0206922776737711	18831	43058000	40
20221123 025321	3321	1171950	gbdt	binary	custom	TRUE	TRUE	FALSE	TRUE	-100	-1	0	0.001	0	0	31	33	1	1	1	0.1	50	0.5	FALSE	987353	0.260113347485771	0.776565828062291	0.156966272706538	11.7907411375388	0.00750367334945302	17644	34392000	41
20221123 030404	3321	1171950	gbdt	binary	custom	TRUE	TRUE	FALSE	TRUE	-100	-1	0	0.001	0	0	31	127	1	1	1	0.1	50	0.5	FALSE	987353	0.169540554521327	0.768647260344494	0.305922672250611	8.67829248132184	0.0146565307638939	17733	43014000	42
20221123 032314	3321	1171950	gbdt	binary	custom	TRUE	TRUE	FALSE	TRUE	-100	-1	0	0.001	0	0	31	372	1	1	1	0.1	50	0.5	FALSE	987353	0.0788624291077699	0.385174813473248	0.569081012747216	3.19365791234234	0.0199497233566288	18593	42894000	43
20221123 040021	3321	1171950	gbdt	binary	custom	TRUE	TRUE	FALSE	TRUE	-100	-1	0	0.001	0	0	31	590	1	1	1	0.1	50	0.5	FALSE	987353	0.0640401335807319	0.267972034996562	0.956456694470067	11.6002441207673	2.9168591825414e-06	16238	45204000	44
20221123 045950	3321	1171950	gbdt	binary	custom	TRUE	TRUE	FALSE	TRUE	-100	-1	0	0.001	0	0	31	1632	1	1	1	0.1	50	0.5	FALSE	987353	0.0266515403829131	0.376413182945154	0.139333086615487	6.24522684297361	0.0201049798132712	18335	45010000	45
20221123 051255	3321	1171950	gbdt	binary	custom	TRUE	TRUE	FALSE	TRUE	-100	-1	0	0.001	0	0	31	693	1	1	1	0.1	50	0.5	FALSE	987353	0.282611504397742	0.875400234970287	0.246030740685784	3.636489620273	0.0233518018387836	17541	43478000	46
20221123 052335	3321	1171950	gbdt	binary	custom	TRUE	TRUE	FALSE	TRUE	-100	-1	0	0.001	0	0	31	94	1	1	1	0.1	50	0.5	FALSE	987353	0.161359960910126	0.332805879746703	0.785260207529634	5.70173673564382	0.0197972375367935	18489	44702000	47
20221123 053815	3321	1171950	gbdt	binary	custom	TRUE	TRUE	FALSE	TRUE	-100	-1	0	0.001	0	0	31	1017	1	1	1	0.1	50	0.5	FALSE	987353	0.226258445453297	0.844065575687355	0.104439386923763	3.88959335618769	0.0236645556854695	17385	44270000	48
20221123 060320	3321	1171950	gbdt	binary	custom	TRUE	TRUE	FALSE	TRUE	-100	-1	0	0.001	0	0	31	467	1	1	1	0.1	50	0.5	FALSE	987353	0.0932960208058159	0.439363171528839	0.484315390758647	5.44209907679842	0.0202056125395197	18038	45364000	49
20221123 073248	3321	1171950	gbdt	binary	custom	TRUE	TRUE	FALSE	TRUE	-100	-1	0	0.001	0	0	31	2954	1	1	1	0.1	50	0.5	FALSE	987353	0.134277484048163	0.388185186186922	0.210091054379498	2.45235547892959	0.018430633117898	18904	41472000	50
20221123 083031	3321	1171950	gbdt	binary	custom	TRUE	TRUE	FALSE	TRUE	-100	-1	0	0.001	0	0	31	1038	1	1	1	0.1	50	0.5	FALSE	987353	0.0140634116214199	0.53244436368132	0.369010423222184	6.32595246205921	0.0224538969302519	17366	45748000	51
20221123 084706	3321	1171950	gbdt	binary	custom	TRUE	TRUE	FALSE	TRUE	-100	-1	0	0.001	0	0	31	635	1	1	1	0.1	50	0.5	FALSE	987353	0.0968936102968978	0.782009660568414	0.860712408378872	2.8540919777595	0.0238655256599692	17481	43518000	52
20221123 090220	3321	1171950	gbdt	binary	custom	TRUE	TRUE	FALSE	TRUE	-100	-1	0	0.001	0	0	31	416	1	1	1	0.1	50	0.5	FALSE	987353	0.0867658283173596	0.596680268995254	0.609469322637213	4.42014365942241	0.0208342532671726	18270	45220000	53
20221123 091928	3321	1171950	gbdt	binary	custom	TRUE	TRUE	FALSE	TRUE	-100	-1	0	0.001	0	0	31	492	1	1	1	0.1	50	0.5	FALSE	987353	0.234390968209855	0.262536173704895	0.38550250030735	1.96931355171371	0.0186732194414203	18702	39716000	54
20221123 094416	3321	1171950	gbdt	binary	custom	TRUE	TRUE	FALSE	TRUE	-100	-1	0	0.001	0	0	31	1282	1	1	1	0.1	50	0.5	FALSE	987353	0.122459841600852	0.795990945000993	0.718775744160055	2.58513904117048	0.0248957229791508	16647	44546000	55
20221123 100455	3321	1171950	gbdt	binary	custom	TRUE	TRUE	FALSE	TRUE	-100	-1	0	0.001	0	0	31	154	1	1	1	0.1	50	0.5	FALSE	987353	0.0572010185825604	0.25748901389509	0.744682918113342	11.823482402192	0.00463861075728998	16721	45998000	56
20221123 101745	3321	1171950	gbdt	binary	custom	TRUE	TRUE	FALSE	TRUE	-100	-1	0	0.001	0	0	31	187	1	1	1	0.1	50	0.5	FALSE	987353	0.0748441564023111	0.263362531458098	0.420866064606793	7.29087707600626	0.0208538825284197	17119	46242000	57
20221123 103611	3321	1171950	gbdt	binary	custom	TRUE	TRUE	FALSE	TRUE	-100	-1	0	0.001	0	0	31	147	1	1	1	0.1	50	0.5	FALSE	987353	0.0841321488088556	0.306675053818338	0.424695216144342	11.6903979461775	0.00141950946804236	18116	44088000	58
20221123 105049	3321	1171950	gbdt	binary	custom	TRUE	TRUE	FALSE	TRUE	-100	-1	0	0.001	0	0	31	234	1	1	1	0.1	50	0.5	FALSE	987353	0.207942246234296	0.576044790020399	0.460355008703412	6.09551263273461	0.0213478912486176	16721	44718000	59
20221123 110130	3321	1171950	gbdt	binary	custom	TRUE	TRUE	FALSE	TRUE	-100	-1	0	0.001	0	0	31	13	1	1	1	0.1	50	0.5	FALSE	987353	0.257503688373623	0.395690762582119	0.258123552854871	11.3804911437833	0.0125397465265888	20350	38500000	60
20221123 112117	3321	1171950	gbdt	binary	custom	TRUE	TRUE	FALSE	TRUE	-100	-1	0	0.001	0	0	31	381	1	1	1	0.1	50	0.5	FALSE	987353	0.0650100271743198	0.253486017097515	0.421787301010688	9.25927741105477	0.00864035515357458	17504	43792000	61
20221123 113807	3321	1171950	gbdt	binary	custom	TRUE	TRUE	FALSE	TRUE	-100	-1	0	0.001	0	0	31	201	1	1	1	0.1	50	0.5	FALSE	987353	0.0866259256843931	0.508776327752927	0.948736150338605	4.12835636185738	0.0211684421140691	17991	43778000	62
20221123 115145	3321	1171950	gbdt	binary	custom	TRUE	TRUE	FALSE	TRUE	-100	-1	0	0.001	0	0	31	262	1	1	1	0.1	50	0.5	FALSE	987353	0.131689335365136	0.839703093021317	0.614461701513385	5.82787992189312	0.0181718958382056	18753	45214000	63
20221123 115903	3321	1171950	gbdt	binary	custom	TRUE	TRUE	FALSE	TRUE	-100	-1	0	0.001	0	0	31	22	1	1	1	0.1	50	0.5	FALSE	987353	0.251398528444453	0.249002435604902	0.241017962309811	9.52140570782055	0.0210763647978569	15431	43618000	64
20221123 130429	3321	1171950	gbdt	binary	custom	TRUE	TRUE	FALSE	TRUE	-100	-1	0	0.001	0	0	31	1525	1	1	1	0.1	50	0.5	FALSE	987353	0.0320317002954846	0.853471295326319	0.644504699037981	8.0175923211039	0.00491563379502108	17214	45652000	65
20221123 142829	3321	1171950	gbdt	binary	custom	TRUE	TRUE	FALSE	TRUE	-100	-1	0	0.001	0	0	31	4687	1	1	1	0.1	50	0.5	FALSE	987353	0.00925877267900971	0.880134491089755	0.725868160873663	2.57626472296752	0.0214963185530287	18062	43076000	66